38.500833 -120.505000   0.00335777     1264    45421 0 9 6 6
38.510423 -120.462331   0.64887003     1351    45382 1 9 6 6
38.522082 -120.405660   1.19885776     1473    47434 1 9 6 6
38.537717 -120.361341   0.22053398     1589    57040 6 9 6 6
38.472147 -120.513585   0.63872483     1071    35849 6 9 6 6
38.486218 -120.479530   0.80319573     1215    40847 6 9 6 6
38.488128 -120.423339   0.33103901     1326    46517 1 9 6 6
38.418333 -120.585000   0.07779861      917    24329 6 9 6 6
38.321734 -120.503656   0.01153830      825    32394 6 9 6 6
38.325457 -120.470617   0.37455199      947    32618 6 9 6 6
38.316529 -120.429226   0.07935141     1087    41336 6 9 6 6
38.304179 -120.429179   0.01490969     1124    44151 6 9 6 6
38.447140 -120.518144   0.20545661      960    32331 6 7 6 6
38.404805 -120.590254   0.72239964      704    18672 6 7 6 6
38.424337 -120.540321   0.57670241      808    27083 6 7 6 6
38.319583 -120.702917   0.26591960      322       93 6 3 6 6
38.325995 -120.654183   0.41737318      423     3828 6 3 6 6
38.343333 -120.617500   0.16489039      597    12000 6 3 6 6
38.305434 -120.703419   0.23088373      435      185 7 3 6 6
38.309990 -120.676657   0.04569107      456     5170 0 3 6 6
38.443519 -120.507342   0.13153548      826    34823 6 7 6 6
38.444852 -120.473224   0.52138095      977    35964 1 7 6 6
38.388069 -120.579332   0.65051505      700    17947 6 7 6 6
38.402454 -120.528576   1.74462279      830    22708 6 7 6 6
38.411600 -120.478520   1.37067914      998    32136 6 7 6 6
38.411603 -120.395465   0.99898240     1211    42110 1 7 6 6
38.413360 -120.368038   0.29776345     1295    47478 1 7 6 6
38.370232 -120.575526   0.17589136      625    18819 6 7 6 6
38.369988 -120.558016   0.06439306      675    22632 6 7 6 6
38.500833 -120.444583   0.01630919     1341    46641 0 6 6 6
38.507002 -120.395031   0.32134583     1339    47156 1 6 6 6
38.512588 -120.351390   0.80370912     1464    54681 1 6 6 6
38.460000 -120.500833   0.01920008      982    37345 0 6 6 6
38.469337 -120.462007   1.28405682     1110    37345 6 6 6 6
38.474382 -120.402471   1.67000945     1184    44637 1 6 6 6
38.482387 -120.350610   1.24460304     1358    50713 6 6 6 6
38.489167 -120.311250   0.01439280     1359    64405 0 6 6 6
38.379405 -120.604643   0.06726618      564    17052 6 6 6 6
38.379694 -120.519400   0.26132933      820    24252 6 6 6 6
38.383445 -120.462898   0.64370736      903    31429 6 6 6 6
38.384732 -120.411815   0.53807759     1115    38776 6 6 6 6
38.390047 -120.349712   0.75710625     1364    47964 1 6 6 6
38.318912 -120.638443   0.00625041      597    12191 6 6 6 6
38.340233 -120.591625   0.97332123      731    12377 6 6 6 6
38.343604 -120.531219   1.61893815      800    23210 6 6 6 6
38.353495 -120.467755   1.67766149      883    30234 6 6 6 6
38.343889 -120.405051   2.53539548     1108    38383 6 6 6 6
38.342006 -120.348919   2.23043664     1431    47293 1 6 6 6
38.280435 -120.655435   0.09812257      483     5564 6 6 6 6
38.277122 -120.404745   0.26025106     1147    44151 6 6 6 6
38.278359 -120.348596   0.32905176     1268    47510 1 6 6 6
38.464167 -120.530833   0.02831597     1102    40755 0 6 6 6
38.384496 -120.630329   0.12396138      725    16627 6 6 6 6
38.385674 -120.619273   0.16911748      539    16975 6 6 6 6
38.333264 -120.693368   0.08750637      492     3327 7 6 6 6
38.345636 -120.652801   0.86291458      474     4145 6 6 6 6
38.365526 -120.619693   0.14609416      426    13288 6 6 6 6
38.275441 -120.714014   0.04714178      498     2745 7 6 6 6
38.293333 -120.686250   0.01010153      484     6775 0 6 6 6
38.565868 -120.016438   0.15048165     2071   100698 10 16 6 6
38.567470 -119.988635   0.13226707     2030   106422 10 16 6 6
38.554494 -120.009955   0.23298499     2403   100126 7 16 6 6
38.549946 -119.970582   0.71614730     2203   103366 6 16 6 6
38.519522 -119.921264   0.16590160     2240   115031 6 16 6 6
38.474000 -119.919112   0.04797531     2588   124213 6 16 6 6
38.565417 -120.039167   0.03354763     1684   100327 6 3 6 6
38.571855 -119.970567   0.49310104     2223   106885 7 3 6 6
38.567557 -119.923372   0.15861632     2365   114737 6 3 6 6
38.520628 -120.073088   0.61578158     1864    89673 6 3 6 6
38.531217 -120.039290   1.72895628     1962    92482 7 3 6 6
38.558289 -119.951054   0.14907593     2231   108866 1 3 6 6
38.552500 -119.904750   0.71370279     2362   114584 1 3 6 6
38.548172 -119.856210   0.59444486     2480   122803 6 3 6 6
38.456284 -120.073095   0.06524056     2080    91756 1 3 6 6
38.460121 -120.036389   0.04988984     2186    93725 6 3 6 6
38.443040 -120.443040   0.09073249     1158    43078 0 3 6 6
38.446090 -120.407184   0.69833193     1325    44675 6 3 6 6
38.442041 -120.357102   0.20928256     1364    50281 1 3 6 6
38.416934 -120.454745   0.68724071     1133    36140 6 3 6 6
38.411597 -120.412930   1.16478559     1175    39872 6 3 6 6
38.419074 -120.345425   1.02191640     1417    48747 6 3 6 6
38.403763 -120.303340   0.12296397     1495    55425 1 3 6 6
38.371667 -120.418333   0.07688660     1101    39856 6 3 6 6
38.366440 -120.320917   0.21915504     1596    54320 1 3 6 6
38.365623 -120.304794   0.17492369     1578    57215 1 3 6 6
38.285417 -120.403304   0.06446058     1286    48389 6 3 6 6
38.279682 -120.353273   0.22804884     1361    48596 1 3 6 6
38.511135 -120.318205   0.12182565     1574    60360 1 3 6 6
38.514287 -120.275240   0.99261748     1611    65664 6 3 6 6
38.507892 -120.224196   0.50161622     1579    70225 6 3 6 6
38.505330 -120.154865   0.40014184     1560    76970 6 3 6 6
38.507717 -120.102464   0.35301404     1567    84966 7 3 6 6
38.461491 -120.336668   0.97188961     1192    54397 6 3 6 6
38.471723 -120.282106   2.21935721     1356    61143 6 3 6 6
38.478761 -120.227553   1.24758038     1491    69052 6 3 6 6
38.491487 -120.151996   0.52089221     1447    77216 1 3 6 6
38.494693 -120.115526   0.14583928     1534    84464 6 3 6 6
38.396217 -120.323082   0.50969837     1422    52594 1 3 6 6
38.410528 -120.285011   1.02071830     1539    55234 6 3 6 6
38.428616 -120.235674   0.37165460     1725    64297 6 3 6 6
38.339487 -120.318095   0.25433400     1440    54802 1 3 6 6
38.341483 -120.289372   0.81763724     1527    55566 1 3 6 6
38.288654 -120.323622   0.13275211     1504    52680 1 3 6 6
38.294985 -120.285467   0.00625227     1571    55566 1 3 6 6
38.651763 -120.226170   0.08282952     2266    86437 1 3 6 6
38.572316 -120.258155   0.20127143     2047    75220 1 3 6 6
38.593400 -120.231073   0.49392009     2131    75335 1 3 6 6
38.530536 -120.334712   0.76045718     1679    56950 1 3 6 6
38.539211 -120.286715   1.27863459     1826    62690 6 3 6 6
38.561250 -120.246667   0.01150271     1855    74981 0 3 6 6
38.500833 -120.089167   0.02878093     1776    87998 0 3 6 6
38.500833 -120.035000   0.03837458     2239    94949 0 3 6 6
38.452909 -120.327478   0.27361552     1382    58241 6 3 6 6
38.453943 -120.276241   0.46569052     1710    61836 1 3 6 6
38.460134 -120.215013   0.59516114     1894    70771 6 3 6 6
38.465047 -120.156382   1.42442250     2121    77277 1 3 6 6
38.469136 -120.091555   1.02302244     2280    86292 1 3 6 6
38.485741 -120.043553   0.27011273     2389    94888 6 3 6 6
38.424931 -120.318368   0.11524557     1489    54851 6 3 6 6
38.408622 -120.280753   1.24877369     1638    56020 6 3 6 6
38.405475 -120.212159   1.47413578     1890    64259 1 3 6 6
38.420034 -120.163037   0.59881775     2124    71237 1 3 6 6
38.333351 -120.275379   0.74810064     1663    55844 1 3 6 6
38.351488 -120.231369   0.53158098     1781    64284 1 3 6 6
38.293429 -120.283910   0.00577139     1586    55921 0 3 6 6
38.458970 -120.209110   0.82984084     1815    72299 6 3 6 6
38.451905 -120.155926   0.58608313     2060    77772 1 3 6 6
38.470201 -120.110568   0.37425601     2081    85413 1 3 6 6
38.383546 -120.262065   0.30940417     1663    59430 6 3 6 6
38.398600 -120.221735   0.88479263     1764    63558 6 3 6 6
38.407970 -120.154031   0.42308136     2035    71592 1 3 6 6
38.364188 -120.267674   0.45946253     1637    59615 1 3 6 6
38.360622 -120.216643   0.25951537     1712    64252 1 3 6 6
38.625833 -119.922500   0.00957697     2584   127930 0 3 6 6
38.574995 -120.212843   0.68954934     2033    75690 6 3 6 6
38.567736 -120.176327   0.13945101     2327    81692 6 3 6 6
38.614167 -119.940417   0.03352486     2538   114398 6 3 6 6
38.590583 -119.915054   0.82115074     2434   115325 6 3 6 6
38.537244 -120.254679   0.12465405     1792    70622 0 3 6 6
38.536094 -120.216609   2.17241305     1942    72289 6 3 6 6
38.534312 -120.168155   1.09259295     2101    77897 1 3 6 6
38.561250 -119.905833   0.01437839     2408   119924 0 3 6 6
38.645243 -120.196957   0.03782671     2321    86769 0 16 6 6
38.654980 -120.152658   0.23121914     2345    87032 6 16 6 6
38.646688 -120.094659   0.06127939     2687    95826 6 16 6 6
38.654805 -120.029117   1.26137641     2576   108722 7 16 6 6
38.645564 -119.981362   0.95732720     2593   112126 7 16 6 6
38.630326 -119.928340   0.10198900     2561   127767 7 16 6 6
38.601129 -120.204087   0.91781778     2111    79068 1 16 6 6
38.592774 -120.157302   2.26987278     2354    82177 6 16 6 6
38.590037 -120.091050   1.99725975     2461    89342 7 16 6 6
38.595799 -120.032032   2.51072696     2275   100960 7 16 6 6
38.600651 -119.969435   1.88740431     2541   106105 6 16 6 6
38.594549 -119.903924   0.41438841     2445   115386 6 16 6 6
38.590921 -119.865746   0.18157598     2469   126226 6 16 6 6
38.538056 -120.145157   1.17278966     2130    80422 1 16 6 6
38.540498 -120.099502   1.69960270     2385    85899 1 16 6 6
38.556374 -120.056374   0.10976291     2145    97164 6 16 6 6
38.529887 -119.969018   0.93018019     2376   104840 6 16 6 6
38.523317 -119.902458   1.35473705     2402   115162 6 16 6 6
38.522452 -119.842334   1.67260039     2584   123350 6 16 6 6
38.526667 -119.807083   0.24645690     2572   130828 6 16 6 6
38.476777 -119.889076   0.30417625     2576   124082 6 16 6 6
38.483968 -119.851749   0.02734383     2653   126929 6 16 6 6
38.635729 -120.153229   0.12831724     2429    90742 0 3 6 6
38.652773 -119.962227   0.32359843     2621   116699 7 3 6 6
38.639167 -119.932083   0.03255571     2710   129032 0 3 6 6
38.614799 -120.137557   0.22988572     2450    88582 6 3 6 6
38.606354 -120.102917   0.60115207     2535    92109 7 3 6 6
38.597500 -119.942702   0.14850922     2605   113596 0 3 6 6
38.579791 -119.898401   0.51461289     2490   115047 7 3 6 6
38.578737 -119.854453   0.74648682     2617   125241 7 3 6 6
38.519406 -120.011073   0.55821102     2504    97758 6 3 6 6
38.512156 -119.970010   0.48197363     2544   103443 6 3 6 6
38.529906 -119.920286   0.11026936     2487   117169 1 3 6 6
38.537325 -119.838972   0.11890038     2668   124848 6 3 6 6
38.512298 -119.789762   0.60041101     2674   132541 6 3 6 6
38.485752 -120.008487   0.01870886     2538    98876 6 3 6 6
38.460935 -119.833189   0.03262193     2813   135187 7 3 6 6
38.470442 -119.783758   0.45244823     2676   135363 6 3 6 6
38.630833 -119.947500   0.04788153     2485   129109 0 14 6 6
38.565417 -120.214167   0.03354763     1814    78112 6 14 6 6
38.546111 -120.255000   0.05752566     1800    72728 0 14 6 6
38.543449 -120.231730   0.10738522     1751    72951 0 14 6 6
38.500833 -120.173750   0.03165903     1272    76785 0 14 6 6
38.496667 -120.190417   0.02686376     1199    76098 0 14 6 6
38.496667 -120.173750   0.12664344     1184    76747 0 14 6 6
